90,6
90,5
90,4
90,3
90,2
90,0
89,4
89,3
88,4
88,3
87,4
87,3
86,4
86,3
85,4
85,3
84,4
84,3
83,4
83,3
82,4
82,3
80,4
80,3
79,3
76,3
75,3
74,4
74,3
73,4
73,3
72,4
72,3
68,4
68,3
67,3
66,4
66,3
65,4
65,3
64,4
64,3
63,4
63,3
62,4
62,3
61,5
61,4
61,3
60,3
59,3
58,4
58,3
57,6
57,5
57,4
57,3
57,2
57,0
56,3
54,3
53,3
52,5
52,4
52,3
50,4
50,3
49,4
49,3
47,4
47,3
45,3
44,3
42,3
41,3
36,4
36,3
26,4
26,3
21,8
21,7
21,6
21,5
21,4
21,3
15,5
15,4
15,3
12,16
12,15
12,14
12,13
12,12
12,11
12,10
12,9
12,8
12,7
12,6
12,5
12,4
12,3
12,2
0,411
0,409
0,473
0,501
0,487
0,454
0,385
0,446
0,357
0,300
0,540
0,299
0,327
0,298
0,410
0,297
0,398
0,296
0,295
0,564
0,294
0,293
0,339
0,292
0,404
0,291
0,326
0,290
0,336
0,289
0,390
0,288
0,325
0,287
0,362
0,286
0,539
0,285
0,361
0,284
0,417
0,283
0,433
0,282
0,408
0,281
0,323
0,280
0,403
0,279
0,311
0,278
0,538
0,277
0,424
0,276
0,368
0,275
0,423
0,274
0,537
0,273
0,495
0,272
0,393
0,271
0,523
0,270
0,269
0,334
91,3
91,4
92,4
93,3
94,3
94,4
95,4
96,4
124,0
124,2
124,3
124,5
124,7
124,8
130,3
130,4
130,6
130,7
307,7
307,9
307,10
307,12
307,13
307,15
307,17
307,18
307,20
307,21
307,23
307,24
307,26
476,0
476,1
476,3
476,4
477,1
477,3
477,4
477,6
477,7
478,1
478,2
478,4
479,1
479,2
480,0
480,1
480,3
481,0
481,1
481,3
482,0
482,2
482,4
483,0
483,2
483,3
483,5
483,6
484,1
484,3
484,4
484,6
484,7
